-320.0
-320.0
-320.0
-320.0
-320.0
-320.0
-320.0
-320.0
-320.0
-320.0
-320.0
-320.0
-320.0
-320.0
-320.0
-320.0
-320.0
-320.0
-320.0
-320.0
-320.0
-320.0
-320.0
-320.0
-320.0
-320.0
-320.0
-320.0
-320.0
-320.0
-320.0
-320.0
-320.0
-320.0
-320.0
-320.0
-320.0
-320.0
-320.0
-320.0
-320.0
-320.0
-320.0
-320.0
-320.0
-320.0
-320.0
-320.0
-320.0
-320.0
-320.0
-320.0
-320.0
-320.0
-320.0
-320.0
-320.0
-320.0
-320.0
-320.0
-320.0
-320.0
-320.0
-320.0
-320.0
-320.0
-320.0
-320.0
-320.0
-320.0
-320.0
-320.0
-320.0
-320.0
-320.0
-320.0
-320.0
-320.0
-320.0
-320.0
-320.0
-320.0
-320.0
-320.0
-320.0
-320.0
-320.0
-320.0
-320.0
-320.0
-320.0
-320.0
-320.0
-320.0
-320.0
-320.0
-320.0
-320.0
-320.0
-320.0
-320.0
-320.0
-320.0
-320.0
-320.0
-320.0
-320.0
-320.0
-320.0
-320.0
-320.0
-320.0
-320.0
-320.0
-320.0
-320.0
-320.0
-320.0
-320.0
-320.0
-320.0
-320.0
-320.0
-320.0
-320.0
-320.0
-320.0
-320.0
-320.0
-320.0
-320.0
-320.0
-320.0
-320.0
-320.0
-320.0
-320.0
-320.0
-320.0
-320.0
-320.0
-320.0
-320.0
-320.0
-320.0
-320.0
-320.0
-320.0
-320.0
-320.0
-320.0
-320.0
-320.0
-320.0
-320.0
-320.0
-320.0
-320.0
-320.0
-320.0
-320.0
-320.0
-320.0
-320.0
-320.0
-320.0
-320.0
-320.0
-320.0
-320.0
-320.0
-320.0
-320.0
-320.0
-320.0
-320.0
-320.0
-320.0
-320.0
-320.0
-320.0
-320.0
-320.0
-320.0
-320.0
-320.0
-320.0
-320.0
-320.0
-320.0
-320.0
-320.0
-320.0
-320.0
-320.0
-320.0
-320.0
-320.0
-320.0
-320.0
-320.0
-320.0
-320.0
-320.0
-320.0
-320.0
-320.0
-320.0
-320.0
-320.0
-320.0
-320.0
-320.0
-320.0
-320.0
-320.0
-320.0
-320.0
-320.0
-320.0
-320.0
-320.0
-320.0
-320.0
-320.0
-320.0
-320.0
-320.0
-320.0
-320.0
-320.0
-320.0
-320.0
-320.0
-320.0
-320.0
-320.0
-320.0
-320.0
-320.0
-320.0
-320.0
-320.0
-320.0
-320.0
-320.0
-320.0
-320.0
-320.0
-320.0
-320.0
-320.0
-320.0
-320.0
-320.0
-320.0
-320.0
-320.0
-320.0
-320.0
-320.0
-320.0
-320.0
-320.0
-320.0
-320.0
-320.0
-320.0
-320.0
-320.0
-320.0
-320.0
-320.0
-320.0
-320.0
-320.0
-320.0
-320.0
-320.0
-320.0
-320.0
-320.0
-320.0
-320.0
-320.0
-320.0
-320.0
-320.0
-320.0
-320.0
-320.0
-320.0
-320.0
-320.0
-320.0
-320.0
-320.0
-320.0
-320.0
-320.0
-320.0
-320.0
-320.0
-320.0
-320.0
-320.0
-320.0
-320.0
-320.0
-320.0
-320.0
-320.0
-320.0
-320.0
-320.0
-320.0
-320.0
-320.0
-320.0
-320.0
-320.0
-320.0
-320.0
-320.0
-320.0
-320.0
-320.0
-320.0
-320.0
-320.0
-320.0
-320.0
-320.0
-320.0
-320.0
-320.0
-320.0
-320.0
-320.0
-320.0
-320.0
-320.0
-320.0
-320.0
-320.0
-320.0
-320.0
-320.0
-320.0
-320.0
-320.0
-320.0
-320.0
-320.0
-320.0
-320.0
-320.0
-320.0
-320.0
-320.0
-320.0
-320.0
-320.0
-320.0
-320.0
-320.0
-320.0
-320.0
-320.0
-320.0
-320.0
-320.0
-320.0
-320.0
-320.0
-320.0
-320.0
-320.0
-320.0
-320.0
-320.0
-320.0
-320.0
-320.0
-320.0
-320.0
-320.0
-320.0
-320.0
-320.0
-320.0
-320.0
-320.0
-320.0
-320.0
-320.0
-320.0
-320.0
-320.0
-320.0
-320.0
-320.0
-320.0
-320.0
-320.0
-320.0
-320.0
-320.0
-320.0
-320.0
-320.0
-320.0
-320.0
-320.0
-320.0
-320.0
-320.0
-320.0
-320.0
-320.0
-320.0
-320.0
-320.0
-320.0
-320.0
-320.0
-320.0
-320.0
-320.0
-320.0
-320.0
-320.0
-320.0
-320.0
-320.0
-320.0
-320.0
-320.0
-320.0
-320.0
-320.0
-320.0
-320.0
-320.0
-320.0
-320.0
-320.0
-320.0
-320.0
-320.0
-320.0
-320.0
-320.0
-320.0
-320.0
-320.0
-320.0
-320.0
-320.0
-320.0
-320.0
-320.0
-320.0
-320.0
-320.0
-320.0
-320.0
-320.0
-320.0
-320.0
-320.0
-320.0
-320.0
-320.0
-320.0
-320.0
-320.0
-320.0
-320.0
-320.0
-320.0
-320.0
-320.0
-320.0
-320.0
-320.0
-320.0
-320.0
-320.0
-320.0
-320.0
-320.0
-320.0
-320.0
-320.0
-320.0
-320.0
-320.0
-320.0
-320.0
-320.0
-320.0
-320.0
-320.0
-320.0
-320.0
-320.0
-320.0
-320.0
-320.0
-320.0
-320.0
-320.0
-320.0
-320.0
-320.0
-320.0
-320.0
-320.0
-320.0
-320.0
-320.0
-320.0
-320.0
-320.0
-320.0
-320.0
-320.0
-320.0
-320.0
-320.0
-320.0
-320.0
-320.0
-320.0
-320.0
-320.0
-320.0
-320.0
-320.0
-320.0
-320.0
-320.0
-320.0
-320.0
-320.0
-320.0
-320.0
-320.0
-320.00182481751824
-320.0036496350365
-320.0054744525547
-320.007299270073
-320.00912408759126
-320.0109489051095
-320.01277372262774
-320.014598540146
-320.0164233576642
-320.01824817518246
-320.0200729927007
-320.021897810219
-320.02372262773724
-320.0255474452555
-320.0273722627737
-320.02919708029196
-320.0310218978102
-320.03284671532845
-320.0346715328467
-320.036496350365
-320.0383211678832
-320.04014598540147
-320.0419708029197
-320.04379562043795
-320.0456204379562
-320.04744525547443
-320.0492700729927
-320.05109489051097
-320.0529197080292
-320.05474452554745
-320.0565693430657
-320.05839416058393
-320.06021897810217
-320.0620437956204
-320.0638686131387
-320.06569343065695
-320.0675182481752
-320.06934306569343
-320.0711678832117
-320.0729927007299
-320.07481751824815
-320.07664233576645
-320.0784671532847
-320.08029197080293
-320.0821167883212
-320.0839416058394
-320.08576642335765
-320.0875912408759
-320.08941605839414
-320.09124087591243
-320.0930656934307
-320.0948905109489
-320.09671532846716
-320.0985401459854
-320.10036496350364
-320.1021897810219
-320.1040145985401
-320.1058394160584
-320.10766423357666
-320.1094890510949
-320.11131386861314
-320.1131386861314
-320.1149635036496
-320.11678832116786
-320.11861313868616
-320.1204379562044
-320.12226277372264
-320.1240875912409
-320.1259124087591
-320.12773722627736
-320.1295620437956
-320.13138686131384
-320.13321167883214
-320.1350364963504
-320.1368613138686
-320.13868613138686
-320.1405109489051
-320.14233576642334
-320.1441605839416
-320.1459854014599
-320.1478102189781
-320.14963503649636
-320.1514598540146
-320.15328467153284
-320.1551094890511
-320.1569343065693
-320.15875912408757
-320.16058394160586
-320.1624087591241
-320.16423357664235
-320.1660583941606
-320.1678832116788
-320.16970802919707
-320.1715328467153
-320.17335766423355
-320.17518248175185
-320.1770072992701
-320.1788321167883
-320.18065693430657
-320.1824817518248
-320.18430656934305
-320.1861313868613
-320.1879562043796
-320.18978102189783
-320.19160583941607
-320.1934306569343
-320.19525547445255
-320.1970802919708
-320.19890510948903
-320.2007299270073
-320.20255474452557
-320.2043795620438
-320.20620437956205
-320.2080291970803
-320.20985401459853
-320.2116788321168
-320.213503649635
-320.2153284671533
-320.21715328467155
-320.2189781021898
-320.22080291970804
-320.2226277372263
-320.2244525547445
-320.22627737226276
-320.228102189781
-320.2299270072993
-320.23175182481754
-320.2335766423358
-320.235401459854
-320.23722627737226
-320.2390510948905
-320.24087591240874
-320.242700729927
-320.2445255474453
-320.2463503649635
-320.24817518248176
-320.25
-320.25182481751824
-320.2536496350365
-320.2554744525547
-320.257299270073
-320.25912408759126
-320.2609489051095
-320.26277372262774
-320.264598540146
-320.2664233576642
-320.26824817518246
-320.2700729927007
-320.271897810219
-320.27372262773724
-320.2755474452555
-320.2773722627737
-320.27919708029196
-320.2810218978102
-320.28284671532845
-320.2846715328467
-320.286496350365
-320.2883211678832
-320.29014598540147
-320.2919708029197
-320.29379562043795
-320.2956204379562
-320.29744525547443
-320.2992700729927
-320.30109489051097
-320.3029197080292
-320.30474452554745
-320.3065693430657
-320.30839416058393
-320.31021897810217
-320.3120437956204
-320.3138686131387
-320.31569343065695
-320.3175182481752
-320.31934306569343
-320.3211678832117
-320.3229927007299
-320.32481751824815
-320.32664233576645
-320.3284671532847
-320.33029197080293
-320.3321167883212
-320.3339416058394
-320.33576642335765
-320.3375912408759
-320.33941605839414
-320.34124087591243
-320.3430656934307
-320.3448905109489
-320.34671532846716
-320.3485401459854
-320.35036496350364
-320.3521897810219
-320.3540145985401
-320.3558394160584
-320.35766423357666
-320.3594890510949
-320.36131386861314
-320.3631386861314
-320.3649635036496
-320.36678832116786
-320.36861313868616
-320.3704379562044
-320.37226277372264
-320.3740875912409
-320.3759124087591
-320.37773722627736
-320.3795620437956
-320.38138686131384
-320.38321167883214
-320.3850364963504
-320.3868613138686
-320.38868613138686
-320.3905109489051
-320.39233576642334
-320.3941605839416
-320.3959854014599
-320.3978102189781
-320.39963503649636
-320.4014598540146
-320.40328467153284
-320.4051094890511
-320.4069343065693
-320.40875912408757
-320.41058394160586
-320.4124087591241
-320.41423357664235
-320.4160583941606
-320.4178832116788
-320.41970802919707
-320.4215328467153
-320.42335766423355
-320.42518248175185
-320.4270072992701
-320.4288321167883
-320.43065693430657
-320.4324817518248
-320.43430656934305
-320.4361313868613
-320.4379562043796
-320.43978102189783
-320.44160583941607
-320.4434306569343
-320.44525547445255
-320.4470802919708
-320.44890510948903
-320.4507299270073
-320.45255474452557
-320.4543795620438
-320.45620437956205
-320.4580291970803
-320.45985401459853
-320.4616788321168
-320.463503649635
-320.4653284671533
-320.46715328467155
-320.4689781021898
-320.47080291970804
-320.4726277372263
-320.4744525547445
-320.47627737226276
-320.478102189781
-320.4799270072993
-320.48175182481754
-320.4835766423358
-320.485401459854
-320.48722627737226
-320.4890510948905
-320.49087591240874
-320.492700729927
-320.4945255474453
-320.4963503649635
-320.49817518248176
-320.5
-320.50182481751824
-320.5036496350365
-320.5054744525547
-320.507299270073
-320.50912408759126
-320.5109489051095
-320.51277372262774
-320.514598540146
-320.5164233576642
-320.51824817518246
-320.5200729927007
-320.521897810219
-320.52372262773724
-320.5255474452555
-320.5273722627737
-320.52919708029196
-320.5310218978102
-320.53284671532845
-320.5346715328467
-320.536496350365
-320.5383211678832
-320.54014598540147
-320.5419708029197
-320.54379562043795
-320.5456204379562
-320.54744525547443
-320.5492700729927
-320.55109489051097
-320.5529197080292
-320.55474452554745
-320.5565693430657
-320.55839416058393
-320.56021897810217
-320.5620437956204
-320.5638686131387
-320.56569343065695
-320.5675182481752
-320.56934306569343
-320.5711678832117
-320.5729927007299
-320.57481751824815
-320.57664233576645
-320.5784671532847
-320.58029197080293
-320.5821167883212
-320.5839416058394
-320.58576642335765
-320.5875912408759
-320.58941605839414
-320.59124087591243
-320.5930656934307
-320.5948905109489
-320.59671532846716
-320.5985401459854
-320.60036496350364
-320.6021897810219
-320.6040145985401
-320.6058394160584
-320.60766423357666
-320.6094890510949
-320.61131386861314
-320.6131386861314
-320.6149635036496
-320.61678832116786
-320.61861313868616
-320.6204379562044
-320.62226277372264
-320.6240875912409
-320.6259124087591
-320.62773722627736
-320.6295620437956
-320.63138686131384
-320.63321167883214
-320.6350364963504
-320.6368613138686
-320.63868613138686
-320.6405109489051
-320.64233576642334
-320.6441605839416
-320.6459854014599
-320.6478102189781
-320.64963503649636
-320.6514598540146
-320.65328467153284
-320.6551094890511
-320.6569343065693
-320.65875912408757
-320.66058394160586
-320.6624087591241
-320.66423357664235
-320.6660583941606
-320.6678832116788
-320.66970802919707
-320.6715328467153
-320.67335766423355
-320.67518248175185
-320.6770072992701
-320.6788321167883
-320.68065693430657
-320.6824817518248
-320.68430656934305
-320.6861313868613
-320.6879562043796
-320.68978102189783
-320.69160583941607
-320.6934306569343
-320.69525547445255
-320.6970802919708
-320.69890510948903
-320.7007299270073
-320.70255474452557
-320.7043795620438
-320.70620437956205
-320.7080291970803
-320.70985401459853
-320.7116788321168
-320.713503649635
-320.7153284671533
-320.71715328467155
-320.7189781021898
-320.72080291970804
-320.7226277372263
-320.7244525547445
-320.72627737226276
-320.728102189781
-320.7299270072993
-320.73175182481754
-320.7335766423358
-320.735401459854
-320.73722627737226
-320.7390510948905
-320.74087591240874
-320.742700729927
-320.7445255474453
-320.7463503649635
-320.74817518248176
-320.75
-320.75182481751824
-320.7536496350365
-320.7554744525547
-320.757299270073
-320.75912408759126
-320.7609489051095
-320.76277372262774
-320.764598540146
-320.7664233576642
-320.76824817518246
-320.7700729927007
-320.771897810219
-320.77372262773724
-320.7755474452555
-320.7773722627737
-320.77919708029196
-320.7810218978102
-320.78284671532845
-320.7846715328467
-320.786496350365
-320.7883211678832
-320.79014598540147
-320.7919708029197
-320.79379562043795
-320.7956204379562
-320.79744525547443
-320.7992700729927
-320.80109489051097
-320.8029197080292
-320.80474452554745
-320.8065693430657
-320.80839416058393
-320.81021897810217
-320.8120437956204
-320.8138686131387
-320.81569343065695
-320.8175182481752
-320.81934306569343
-320.8211678832117
-320.8229927007299
-320.82481751824815
-320.82664233576645
-320.8284671532847
-320.83029197080293
-320.8321167883212
-320.8339416058394
-320.83576642335765
-320.8375912408759
-320.83941605839414
-320.84124087591243
-320.8430656934307
-320.8448905109489
-320.84671532846716
-320.8485401459854
-320.85036496350364
-320.8521897810219
-320.8540145985401
-320.8558394160584
-320.85766423357666
-320.8594890510949
-320.86131386861314
-320.8631386861314
-320.8649635036496
-320.86678832116786
-320.86861313868616
-320.8704379562044
-320.87226277372264
-320.8740875912409
-320.8759124087591
-320.87773722627736
-320.8795620437956
-320.88138686131384
-320.88321167883214
-320.8850364963504
-320.8868613138686
-320.88868613138686
-320.8905109489051
-320.89233576642334
-320.8941605839416
-320.8959854014599
-320.8978102189781
-320.89963503649636
-320.9014598540146
-320.90328467153284
-320.9051094890511
-320.9069343065693
-320.90875912408757
-320.91058394160586
-320.9124087591241
-320.91423357664235
-320.9160583941606
-320.9178832116788
-320.91970802919707
-320.9215328467153
-320.92335766423355
-320.92518248175185
-320.9270072992701
-320.9288321167883
-320.93065693430657
-320.9324817518248
-320.93430656934305
-320.9361313868613
-320.9379562043796
-320.93978102189783
-320.94160583941607
-320.9434306569343
-320.94525547445255
-320.9470802919708
-320.94890510948903
-320.9507299270073
-320.95255474452557
-320.9543795620438
-320.95620437956205
-320.9580291970803
-320.95985401459853
-320.9616788321168
-320.963503649635
-320.9653284671533
-320.96715328467155
-320.9689781021898
-320.97080291970804
-320.9726277372263
-320.9744525547445
-320.97627737226276
-320.978102189781
-320.9799270072993
-320.98175182481754
-320.9835766423358
-320.985401459854
-320.98722627737226
-320.9890510948905
-320.99087591240874
-320.992700729927
-320.9945255474453
-320.9963503649635
-320.99817518248176
-321.0
