300.0
299.99087591240874
299.98175182481754
299.9726277372263
299.963503649635
299.9543795620438
299.94525547445255
299.9361313868613
299.9270072992701
299.9178832116788
299.90875912408757
299.89963503649636
299.8905109489051
299.88138686131384
299.87226277372264
299.8631386861314
299.8540145985401
299.8448905109489
299.83576642335765
299.82664233576645
299.8175182481752
299.80839416058393
299.7992700729927
299.79014598540147
299.7810218978102
299.771897810219
299.76277372262774
299.7536496350365
299.7445255474453
299.735401459854
299.72627737226276
299.71715328467155
299.7080291970803
299.69890510948903
299.68978102189783
299.68065693430657
299.6715328467153
299.6624087591241
299.65328467153284
299.6441605839416
299.6350364963504
299.6259124087591
299.61678832116786
299.60766423357666
299.5985401459854
299.58941605839414
299.58029197080293
299.5711678832117
299.5620437956204
299.5529197080292
299.54379562043795
299.5346715328467
299.5255474452555
299.5164233576642
299.507299270073
299.49817518248176
299.4890510948905
299.4799270072993
299.47080291970804
299.4616788321168
299.45255474452557
299.4434306569343
299.43430656934305
299.42518248175185
299.4160583941606
299.4069343065693
299.3978102189781
299.38868613138686
299.3795620437956
299.3704379562044
299.36131386861314
299.3521897810219
299.3430656934307
299.3339416058394
299.32481751824815
299.31569343065695
299.3065693430657
299.29744525547443
299.2883211678832
299.27919708029196
299.2700729927007
299.2609489051095
299.25182481751824
299.242700729927
299.2335766423358
299.2244525547445
299.2153284671533
299.20620437956205
299.1970802919708
299.1879562043796
299.1788321167883
299.16970802919707
299.16058394160586
299.1514598540146
299.14233576642334
299.13321167883214
299.1240875912409
299.1149635036496
299.1058394160584
299.09671532846716
299.0875912408759
299.0784671532847
299.06934306569343
299.06021897810217
299.05109489051097
299.0419708029197
299.03284671532845
299.02372262773724
299.014598540146
299.0054744525547
298.9963503649635
298.98722627737226
298.978102189781
298.9689781021898
298.95985401459853
298.9507299270073
298.94160583941607
298.9324817518248
298.92335766423355
298.91423357664235
298.9051094890511
298.8959854014599
298.8868613138686
298.87773722627736
298.86861313868616
298.8594890510949
298.85036496350364
298.84124087591243
298.8321167883212
298.8229927007299
298.8138686131387
298.80474452554745
298.7956204379562
298.786496350365
298.7773722627737
298.76824817518246
298.75912408759126
298.75
298.74087591240874
298.73175182481754
298.7226277372263
298.713503649635
298.7043795620438
298.69525547445255
298.6861313868613
298.6770072992701
298.6678832116788
298.65875912408757
298.64963503649636
298.6405109489051
298.63138686131384
298.62226277372264
298.6131386861314
298.6040145985401
298.5948905109489
298.58576642335765
298.57664233576645
298.5675182481752
298.55839416058393
298.5492700729927
298.54014598540147
298.5310218978102
298.521897810219
298.51277372262774
298.5036496350365
298.4945255474453
298.485401459854
298.47627737226276
298.46715328467155
298.4580291970803
298.44890510948903
298.43978102189783
298.43065693430657
298.4215328467153
298.4124087591241
298.40328467153284
298.3941605839416
298.3850364963504
298.3759124087591
298.36678832116786
298.35766423357666
298.3485401459854
298.33941605839414
298.33029197080293
298.3211678832117
298.3120437956204
298.3029197080292
298.29379562043795
298.2846715328467
298.2755474452555
298.2664233576642
298.257299270073
298.24817518248176
298.2390510948905
298.2299270072993
298.22080291970804
298.2116788321168
298.20255474452557
298.1934306569343
298.18430656934305
298.17518248175185
298.1660583941606
298.1569343065693
298.1478102189781
298.13868613138686
298.1295620437956
298.1204379562044
298.11131386861314
298.1021897810219
298.0930656934307
298.0839416058394
298.07481751824815
298.06569343065695
298.0565693430657
298.04744525547443
298.0383211678832
298.02919708029196
298.0200729927007
298.0109489051095
298.00182481751824
297.992700729927
297.9835766423358
297.9744525547445
297.9653284671533
297.95620437956205
297.9470802919708
297.9379562043796
297.9288321167883
297.91970802919707
297.91058394160586
297.9014598540146
297.89233576642334
297.88321167883214
297.8740875912409
297.8649635036496
297.8558394160584
297.84671532846716
297.8375912408759
297.8284671532847
297.81934306569343
297.81021897810217
297.80109489051097
297.7919708029197
297.78284671532845
297.77372262773724
297.764598540146
297.7554744525547
297.7463503649635
297.73722627737226
297.728102189781
297.7189781021898
297.70985401459853
297.7007299270073
297.69160583941607
297.6824817518248
297.67335766423355
297.66423357664235
297.6551094890511
297.6459854014599
297.6368613138686
297.62773722627736
297.61861313868616
297.6094890510949
297.60036496350364
297.59124087591243
297.5821167883212
297.5729927007299
297.5638686131387
297.55474452554745
297.5456204379562
297.536496350365
297.5273722627737
297.51824817518246
297.50912408759126
297.5
297.49087591240874
297.48175182481754
297.4726277372263
297.463503649635
297.4543795620438
297.44525547445255
297.4361313868613
297.4270072992701
297.4178832116788
297.40875912408757
297.39963503649636
297.3905109489051
297.38138686131384
297.37226277372264
297.3631386861314
297.3540145985401
297.3448905109489
297.33576642335765
297.32664233576645
297.3175182481752
297.30839416058393
297.2992700729927
297.29014598540147
297.2810218978102
297.271897810219
297.26277372262774
297.2536496350365
297.2445255474453
297.235401459854
297.22627737226276
297.21715328467155
297.2080291970803
297.19890510948903
297.18978102189783
297.18065693430657
297.1715328467153
297.1624087591241
297.15328467153284
297.1441605839416
297.1350364963504
297.1259124087591
297.11678832116786
297.10766423357666
297.0985401459854
297.08941605839414
297.08029197080293
297.0711678832117
297.0620437956204
297.0529197080292
297.04379562043795
297.0346715328467
297.0255474452555
297.0164233576642
297.007299270073
296.99817518248176
296.9890510948905
296.9799270072993
296.97080291970804
296.9616788321168
296.95255474452557
296.9434306569343
296.93430656934305
296.92518248175185
296.9160583941606
296.9069343065693
296.8978102189781
296.88868613138686
296.8795620437956
296.8704379562044
296.86131386861314
296.8521897810219
296.8430656934307
296.8339416058394
296.82481751824815
296.81569343065695
296.8065693430657
296.79744525547443
296.7883211678832
296.77919708029196
296.7700729927007
296.7609489051095
296.75182481751824
296.742700729927
296.7335766423358
296.7244525547445
296.7153284671533
296.70620437956205
296.6970802919708
296.6879562043796
296.6788321167883
296.66970802919707
296.66058394160586
296.6514598540146
296.64233576642334
296.63321167883214
296.6240875912409
296.6149635036496
296.6058394160584
296.59671532846716
296.5875912408759
296.5784671532847
296.56934306569343
296.56021897810217
296.55109489051097
296.5419708029197
296.53284671532845
296.52372262773724
296.514598540146
296.5054744525547
296.4963503649635
296.48722627737226
296.478102189781
296.4689781021898
296.45985401459853
296.4507299270073
296.44160583941607
296.4324817518248
296.42335766423355
296.41423357664235
296.4051094890511
296.3959854014599
296.3868613138686
296.37773722627736
296.36861313868616
296.3594890510949
296.35036496350364
296.34124087591243
296.3321167883212
296.3229927007299
296.3138686131387
296.30474452554745
296.2956204379562
296.286496350365
296.2773722627737
296.26824817518246
296.25912408759126
296.25
296.24087591240874
296.23175182481754
296.2226277372263
296.213503649635
296.2043795620438
296.19525547445255
296.1861313868613
296.1770072992701
296.1678832116788
296.15875912408757
296.14963503649636
296.1405109489051
296.13138686131384
296.12226277372264
296.1131386861314
296.1040145985401
296.0948905109489
296.08576642335765
296.07664233576645
296.0675182481752
296.05839416058393
296.0492700729927
296.04014598540147
296.0310218978102
296.021897810219
296.01277372262774
296.0036496350365
295.9945255474453
295.985401459854
295.97627737226276
295.96715328467155
295.9580291970803
295.94890510948903
295.93978102189783
295.93065693430657
295.9215328467153
295.9124087591241
295.90328467153284
295.8941605839416
295.8850364963504
295.8759124087591
295.86678832116786
295.85766423357666
295.8485401459854
295.83941605839414
295.83029197080293
295.8211678832117
295.8120437956204
295.8029197080292
295.79379562043795
295.7846715328467
295.7755474452555
295.7664233576642
295.757299270073
295.74817518248176
295.7390510948905
295.7299270072993
295.72080291970804
295.7116788321168
295.70255474452557
295.6934306569343
295.68430656934305
295.67518248175185
295.6660583941606
295.6569343065693
295.6478102189781
295.63868613138686
295.6295620437956
295.6204379562044
295.61131386861314
295.6021897810219
295.5930656934307
295.5839416058394
295.57481751824815
295.56569343065695
295.5565693430657
295.54744525547443
295.5383211678832
295.52919708029196
295.5200729927007
295.5109489051095
295.50182481751824
295.492700729927
295.4835766423358
295.4744525547445
295.4653284671533
295.45620437956205
295.4470802919708
295.4379562043796
295.4288321167883
295.41970802919707
295.41058394160586
295.4014598540146
295.39233576642334
295.38321167883214
295.3740875912409
295.3649635036496
295.3558394160584
295.34671532846716
295.3375912408759
295.3284671532847
295.31934306569343
295.31021897810217
295.30109489051097
295.2919708029197
295.28284671532845
295.27372262773724
295.264598540146
295.2554744525547
295.2463503649635
295.23722627737226
295.228102189781
295.2189781021898
295.20985401459853
295.2007299270073
295.19160583941607
295.1824817518248
295.17335766423355
295.16423357664235
295.1551094890511
295.1459854014599
295.1368613138686
295.12773722627736
295.11861313868616
295.1094890510949
295.10036496350364
295.09124087591243
295.0821167883212
295.0729927007299
295.0638686131387
295.05474452554745
295.0456204379562
295.036496350365
295.0273722627737
295.01824817518246
295.00912408759126
295.0
294.992700729927
294.985401459854
294.978102189781
294.97080291970804
294.963503649635
294.95620437956205
294.94890510948903
294.94160583941607
294.93430656934305
294.9270072992701
294.91970802919707
294.9124087591241
294.9051094890511
294.8978102189781
294.8905109489051
294.88321167883214
294.8759124087591
294.86861313868616
294.86131386861314
294.8540145985402
294.84671532846716
294.83941605839414
294.8321167883212
294.82481751824815
294.8175182481752
294.81021897810217
294.8029197080292
294.7956204379562
294.7883211678832
294.7810218978102
294.77372262773724
294.7664233576642
294.75912408759126
294.75182481751824
294.7445255474453
294.73722627737226
294.7299270072993
294.7226277372263
294.7153284671533
294.7080291970803
294.7007299270073
294.6934306569343
294.6861313868613
294.6788321167883
294.6715328467153
294.66423357664235
294.6569343065693
294.64963503649636
294.64233576642334
294.6350364963504
294.62773722627736
294.6204379562044
294.6131386861314
294.6058394160584
294.5985401459854
294.59124087591243
294.5839416058394
294.57664233576645
294.56934306569343
294.5620437956204
294.55474452554745
294.54744525547443
294.54014598540147
294.53284671532845
294.5255474452555
294.51824817518246
294.5109489051095
294.5036496350365
294.4963503649635
294.4890510948905
294.48175182481754
294.4744525547445
294.46715328467155
294.45985401459853
294.45255474452557
294.44525547445255
294.4379562043796
294.43065693430657
294.42335766423355
294.4160583941606
294.40875912408757
294.4014598540146
294.3941605839416
294.3868613138686
294.3795620437956
294.37226277372264
294.3649635036496
294.35766423357666
294.35036496350364
294.3430656934307
294.33576642335765
294.3284671532847
294.3211678832117
294.3138686131387
294.3065693430657
294.2992700729927
294.2919708029197
294.2846715328467
294.2773722627737
294.2700729927007
294.26277372262774
294.2554744525547
294.24817518248176
294.24087591240874
294.2335766423358
294.22627737226276
294.2189781021898
294.2116788321168
294.2043795620438
294.1970802919708
294.18978102189783
294.1824817518248
294.17518248175185
294.1678832116788
294.16058394160586
294.15328467153284
294.1459854014599
294.13868613138686
294.13138686131384
294.1240875912409
294.11678832116786
294.1094890510949
294.1021897810219
294.0948905109489
294.0875912408759
294.08029197080293
294.0729927007299
294.06569343065695
294.05839416058393
294.05109489051097
294.04379562043795
294.036496350365
294.02919708029196
294.021897810219
294.014598540146
294.007299270073
294.0
293.992700729927
293.985401459854
293.978102189781
293.97080291970804
293.963503649635
293.95620437956205
293.94890510948903
293.94160583941607
293.93430656934305
293.9270072992701
293.91970802919707
293.9124087591241
293.9051094890511
293.8978102189781
293.8905109489051
293.88321167883214
293.8759124087591
293.86861313868616
293.86131386861314
293.8540145985402
293.84671532846716
293.83941605839414
293.8321167883212
293.82481751824815
293.8175182481752
293.81021897810217
293.8029197080292
293.7956204379562
293.7883211678832
293.7810218978102
293.77372262773724
293.7664233576642
293.75912408759126
293.75182481751824
293.7445255474453
293.73722627737226
293.7299270072993
293.7226277372263
293.7153284671533
293.7080291970803
293.7007299270073
293.6934306569343
293.6861313868613
293.6788321167883
293.6715328467153
293.66423357664235
293.6569343065693
293.64963503649636
293.64233576642334
293.6350364963504
293.62773722627736
293.6204379562044
293.6131386861314
293.6058394160584
293.5985401459854
293.59124087591243
293.5839416058394
293.57664233576645
293.56934306569343
293.5620437956204
293.55474452554745
293.54744525547443
293.54014598540147
293.53284671532845
293.5255474452555
293.51824817518246
293.5109489051095
293.5036496350365
293.4963503649635
293.4890510948905
293.48175182481754
293.4744525547445
293.46715328467155
293.45985401459853
293.45255474452557
293.44525547445255
293.4379562043796
293.43065693430657
293.42335766423355
293.4160583941606
293.40875912408757
293.4014598540146
293.3941605839416
293.3868613138686
293.3795620437956
293.37226277372264
293.3649635036496
293.35766423357666
293.35036496350364
293.3430656934307
293.33576642335765
293.3284671532847
293.3211678832117
293.3138686131387
293.3065693430657
293.2992700729927
293.2919708029197
293.2846715328467
293.2773722627737
293.2700729927007
293.26277372262774
293.2554744525547
293.24817518248176
293.24087591240874
293.2335766423358
293.22627737226276
293.2189781021898
293.2116788321168
293.2043795620438
293.1970802919708
293.18978102189783
293.1824817518248
293.17518248175185
293.1678832116788
293.16058394160586
293.15328467153284
293.1459854014599
293.13868613138686
293.13138686131384
293.1240875912409
293.11678832116786
293.1094890510949
293.1021897810219
293.0948905109489
293.0875912408759
293.08029197080293
293.0729927007299
293.06569343065695
293.05839416058393
293.05109489051097
293.04379562043795
293.036496350365
293.02919708029196
293.021897810219
293.014598540146
293.007299270073
293.0
292.992700729927
292.985401459854
292.978102189781
292.97080291970804
292.963503649635
292.95620437956205
292.94890510948903
292.94160583941607
292.93430656934305
292.9270072992701
292.91970802919707
292.9124087591241
292.9051094890511
292.8978102189781
292.8905109489051
292.88321167883214
292.8759124087591
292.86861313868616
292.86131386861314
292.8540145985402
292.84671532846716
292.83941605839414
292.8321167883212
292.82481751824815
292.8175182481752
292.81021897810217
292.8029197080292
292.7956204379562
292.7883211678832
292.7810218978102
292.77372262773724
292.7664233576642
292.75912408759126
292.75182481751824
292.7445255474453
292.73722627737226
292.7299270072993
292.7226277372263
292.7153284671533
292.7080291970803
292.7007299270073
292.6934306569343
292.6861313868613
292.6788321167883
292.6715328467153
292.66423357664235
292.6569343065693
292.64963503649636
292.64233576642334
292.6350364963504
292.62773722627736
292.6204379562044
292.6131386861314
292.6058394160584
292.5985401459854
292.59124087591243
292.5839416058394
292.57664233576645
292.56934306569343
292.5620437956204
292.55474452554745
292.54744525547443
292.54014598540147
292.53284671532845
292.5255474452555
292.51824817518246
292.5109489051095
292.5036496350365
292.4963503649635
292.4890510948905
292.48175182481754
292.4744525547445
292.46715328467155
292.45985401459853
292.45255474452557
292.44525547445255
292.4379562043796
292.43065693430657
292.42335766423355
292.4160583941606
292.40875912408757
292.4014598540146
292.3941605839416
292.3868613138686
292.3795620437956
292.37226277372264
292.3649635036496
292.35766423357666
292.35036496350364
292.3430656934307
292.33576642335765
292.3284671532847
292.3211678832117
292.3138686131387
292.3065693430657
292.2992700729927
292.2919708029197
292.2846715328467
292.2773722627737
292.2700729927007
292.26277372262774
292.2554744525547
292.24817518248176
292.24087591240874
292.2335766423358
292.22627737226276
292.2189781021898
292.2116788321168
292.2043795620438
292.1970802919708
292.18978102189783
292.1824817518248
292.17518248175185
292.1678832116788
292.16058394160586
292.15328467153284
292.1459854014599
292.13868613138686
292.13138686131384
292.1240875912409
292.11678832116786
292.1094890510949
292.1021897810219
292.0948905109489
292.0875912408759
292.08029197080293
292.0729927007299
292.06569343065695
292.05839416058393
292.05109489051097
292.04379562043795
292.036496350365
292.02919708029196
292.021897810219
292.014598540146
292.007299270073
292.0
291.992700729927
291.985401459854
291.978102189781
291.97080291970804
291.963503649635
291.95620437956205
291.94890510948903
291.94160583941607
291.93430656934305
291.9270072992701
291.91970802919707
291.9124087591241
291.9051094890511
291.8978102189781
291.8905109489051
291.88321167883214
291.8759124087591
291.86861313868616
291.86131386861314
291.8540145985402
291.84671532846716
291.83941605839414
291.8321167883212
291.82481751824815
291.8175182481752
291.81021897810217
291.8029197080292
291.7956204379562
291.7883211678832
291.7810218978102
291.77372262773724
291.7664233576642
291.75912408759126
291.75182481751824
291.7445255474453
291.73722627737226
291.7299270072993
291.7226277372263
291.7153284671533
291.7080291970803
291.7007299270073
291.6934306569343
291.6861313868613
291.6788321167883
291.6715328467153
291.66423357664235
291.6569343065693
291.64963503649636
291.64233576642334
291.6350364963504
291.62773722627736
291.6204379562044
291.6131386861314
291.6058394160584
291.5985401459854
291.59124087591243
291.5839416058394
291.57664233576645
291.56934306569343
291.5620437956204
291.55474452554745
291.54744525547443
291.54014598540147
291.53284671532845
291.5255474452555
291.51824817518246
291.5109489051095
291.5036496350365
291.4963503649635
291.4890510948905
291.48175182481754
291.4744525547445
291.46715328467155
291.45985401459853
291.45255474452557
291.44525547445255
291.4379562043796
291.43065693430657
291.42335766423355
291.4160583941606
291.40875912408757
291.4014598540146
291.3941605839416
291.3868613138686
291.3795620437956
291.37226277372264
291.3649635036496
291.35766423357666
291.35036496350364
291.3430656934307
291.33576642335765
291.3284671532847
291.3211678832117
291.3138686131387
291.3065693430657
291.2992700729927
291.2919708029197
291.2846715328467
291.2773722627737
291.2700729927007
291.26277372262774
291.2554744525547
291.24817518248176
291.24087591240874
291.2335766423358
291.22627737226276
291.2189781021898
291.2116788321168
291.2043795620438
291.1970802919708
291.18978102189783
291.1824817518248
291.17518248175185
291.1678832116788
291.16058394160586
291.15328467153284
291.1459854014599
291.13868613138686
291.13138686131384
291.1240875912409
291.11678832116786
291.1094890510949
291.1021897810219
291.0948905109489
291.0875912408759
291.08029197080293
291.0729927007299
291.06569343065695
291.05839416058393
291.05109489051097
291.04379562043795
291.036496350365
291.02919708029196
291.021897810219
291.014598540146
291.007299270073
291.0
